   1.6326730e+02   1.2720000e+03   1.0000000e+00
   1.6380968e+02   1.2400000e+03   1.0000000e+00
   1.6214238e+02   1.2080000e+03   1.0000000e+00
   1.6471987e+02   1.2280000e+03   1.0000000e+00
   1.6408136e+02   1.1800000e+03   1.0000000e+00
   1.6392388e+02   1.1560000e+03   1.0000000e+00
   1.6212238e+02   1.1440000e+03   1.0000000e+00
   1.6291489e+02   1.1280000e+03   1.0000000e+00
   1.5939863e+02   1.1640000e+03   1.0000000e+00
   1.7810909e+02   2.2000000e+02   1.0000000e+00
   1.5906441e+02   1.1800000e+03   1.0000000e+00
   1.6131700e+02   1.3880000e+03   1.0000000e+00
   1.6277673e+02   1.2720000e+03   1.0000000e+00
   1.6215705e+02   1.2480000e+03   1.0000000e+00
   1.6394194e+02   1.2400000e+03   1.0000000e+00
   1.6337700e+02   1.2520000e+03   1.0000000e+00
   1.6188580e+02   1.2960000e+03   1.0000000e+00
   1.6172340e+02   1.3160000e+03   1.0000000e+00
   1.6223684e+02   1.3680000e+03   1.0000000e+00
   1.6193713e+02   1.3360000e+03   1.0000000e+00
   1.6355864e+02   1.2960000e+03   1.0000000e+00
   1.6152548e+02   1.2560000e+03   1.0000000e+00
   1.6152571e+02   1.4000000e+03   1.0000000e+00
   1.6178723e+02   1.3160000e+03   1.0000000e+00
   1.6272836e+02   1.3400000e+03   1.0000000e+00
   1.7329907e+02   4.2800000e+02   1.0000000e+00
   1.5895437e+02   1.0520000e+03   1.0000000e+00
   1.6335758e+02   1.3200000e+03   1.0000000e+00
   1.6133333e+02   1.2840000e+03   1.0000000e+00
   1.6193691e+02   1.2680000e+03   1.0000000e+00
   1.6209206e+02   1.2600000e+03   1.0000000e+00
   1.6243910e+02   1.2480000e+03   1.0000000e+00
   1.6255627e+02   1.2440000e+03   1.0000000e+00
   1.6372638e+02   1.2280000e+03   1.0000000e+00
   1.6352000e+02   1.2000000e+03   1.0000000e+00
   1.7238554e+02   3.3200000e+02   1.0000000e+00
   1.5913208e+02   8.4800000e+02   1.0000000e+00
   1.6958750e+02   6.4000000e+02   1.0000000e+00
   1.5876757e+02   7.4000000e+02   1.0000000e+00
   1.7014545e+02   4.4000000e+02   1.0000000e+00
   1.5765128e+02   7.8000000e+02   1.0000000e+00
   1.7118333e+02   2.4000000e+02   1.0000000e+00
   1.8871910e+02   7.1200000e+02   1.0000000e+00
   1.7139095e+02   9.7200000e+02   1.0000000e+00
   1.6148330e+02   2.0360000e+03   1.0000000e+00
   1.6324800e+02   1.5000000e+03   1.0000000e+00
   1.6420420e+02   1.3320000e+03   1.0000000e+00
   1.6079656e+02   1.3960000e+03   1.0000000e+00
   1.6478319e+02   9.0400000e+02   1.0000000e+00
   1.5431311e+02   2.0440000e+03   1.0000000e+00
   1.5829741e+02   1.8560000e+03   1.0000000e+00
   1.6114428e+02   1.6080000e+03   1.0000000e+00
   1.5882418e+02   1.4560000e+03   1.0000000e+00
   1.5922674e+02   1.3760000e+03   1.0000000e+00
   1.8264706e+02   6.8000000e+01   1.0000000e+00
   1.5953846e+02   1.3000000e+03   1.0000000e+00
   1.6120937e+02   1.2800000e+03   1.0000000e+00
   1.6082540e+02   1.2600000e+03   1.0000000e+00
   1.6144904e+02   1.2560000e+03   1.0000000e+00
   1.6141694e+02   1.2280000e+03   1.0000000e+00
   1.6107166e+02   1.2280000e+03   1.0000000e+00
   1.6321854e+02   1.2080000e+03   1.0000000e+00
   1.6295286e+02   1.1880000e+03   1.0000000e+00
   1.6224315e+02   1.1680000e+03   1.0000000e+00
   1.6229310e+02   1.1600000e+03   1.0000000e+00
   1.6166434e+02   1.1440000e+03   1.0000000e+00
   1.6275704e+02   1.1360000e+03   1.0000000e+00
   1.6171886e+02   1.1240000e+03   1.0000000e+00
   1.6985455e+02   4.4000000e+02   1.0000000e+00
   1.5731325e+02   6.6400000e+02   1.0000000e+00
   1.7219388e+02   3.9200000e+02   1.0000000e+00
   1.5883750e+02   9.6000000e+02   1.0000000e+00
   1.6242384e+02   1.2080000e+03   1.0000000e+00
   1.6310820e+02   1.2200000e+03   1.0000000e+00
   1.6366452e+02   1.2400000e+03   1.0000000e+00
   1.6425566e+02   1.2360000e+03   1.0000000e+00
   1.6137134e+02   1.2280000e+03   1.0000000e+00
   1.6115773e+02   1.2680000e+03   1.0000000e+00
   1.5963057e+02   1.2560000e+03   1.0000000e+00
   1.5975163e+02   1.2240000e+03   1.0000000e+00
   1.6299682e+02   1.2560000e+03   1.0000000e+00
   1.6177286e+02   1.3560000e+03   1.0000000e+00
   1.6039009e+02   1.2920000e+03   1.0000000e+00
   1.6083439e+02   1.2560000e+03   1.0000000e+00
   1.5940190e+02   1.2640000e+03   1.0000000e+00
   1.7070370e+02   2.1600000e+02   1.0000000e+00
   1.9684000e+02   4.0000000e+02   1.0000000e+00
   1.8225806e+02   4.9600000e+02   1.0000000e+00
   1.6957097e+02   1.2400000e+03   1.0000000e+00
   1.5919953e+02   1.7040000e+03   1.0000000e+00
   1.7295556e+02   3.6000000e+02   1.0000000e+00
   1.6013497e+02   1.3040000e+03   1.0000000e+00
   1.8172000e+02   1.0000000e+02   1.0000000e+00
   1.5844377e+02   1.3160000e+03   1.0000000e+00
   1.6086667e+02   1.3200000e+03   1.0000000e+00
   1.6426198e+02   1.2520000e+03   1.0000000e+00
   1.6441196e+02   1.2040000e+03   1.0000000e+00
   1.6386552e+02   1.1600000e+03   1.0000000e+00
   1.7255952e+02   3.3600000e+02   1.0000000e+00
   1.5866995e+02   8.1200000e+02   1.0000000e+00
   1.6406007e+02   1.1320000e+03   1.0000000e+00
   1.6352330e+02   1.1160000e+03   1.0000000e+00
   1.6229137e+02   1.1120000e+03   1.0000000e+00
   1.6345683e+02   1.1120000e+03   1.0000000e+00
   1.6363604e+02   1.1320000e+03   1.0000000e+00
   1.6410920e+02   1.3920000e+03   1.0000000e+00
   1.6280058e+02   1.3840000e+03   1.0000000e+00
   1.6380573e+02   1.2560000e+03   1.0000000e+00
   1.6172026e+02   1.2440000e+03   1.0000000e+00
   1.7106122e+02   3.9200000e+02   1.0000000e+00
   1.5815541e+02   1.1840000e+03   1.0000000e+00
   1.6273810e+02   1.3440000e+03   1.0000000e+00
   1.6330117e+02   1.3680000e+03   1.0000000e+00
   1.6307788e+02   1.2840000e+03   1.0000000e+00
   1.6306709e+02   1.2520000e+03   1.0000000e+00
   1.5636571e+02   7.0000000e+02   1.0000000e+00
   1.6085619e+02   1.1960000e+03   1.0000000e+00
   1.6284694e+02   1.1760000e+03   1.0000000e+00
   1.6420137e+02   1.1720000e+03   1.0000000e+00
   1.6379195e+02   1.1920000e+03   1.0000000e+00
   1.6424080e+02   1.1960000e+03   1.0000000e+00
   1.7453731e+02   2.6800000e+02   1.0000000e+00
   1.5995885e+02   9.7200000e+02   1.0000000e+00
   1.6174503e+02   1.2080000e+03   1.0000000e+00
   1.6321017e+02   1.1800000e+03   1.0000000e+00
   1.6225352e+02   1.1360000e+03   1.0000000e+00
   1.6293594e+02   1.1240000e+03   1.0000000e+00
   1.6406498e+02   1.1080000e+03   1.0000000e+00
   1.6316912e+02   1.0880000e+03   1.0000000e+00
   1.6400000e+02   1.0720000e+03   1.0000000e+00
   1.7473214e+02   2.2400000e+02   1.0000000e+00
   1.5938647e+02   8.2800000e+02   1.0000000e+00
   1.6423574e+02   1.0520000e+03   1.0000000e+00
   1.6604015e+02   1.0960000e+03   1.0000000e+00
   1.6452414e+02   1.1600000e+03   1.0000000e+00
   1.7232075e+02   4.2400000e+02   1.0000000e+00
   1.8884375e+02   7.6800000e+02   1.0000000e+00
   1.7160236e+02   1.0160000e+03   1.0000000e+00
   1.6081503e+02   2.0760000e+03   1.0000000e+00
   1.6566848e+02   1.4720000e+03   1.0000000e+00
   1.6572334e+02   1.3880000e+03   1.0000000e+00
   1.6521818e+02   1.3200000e+03   1.0000000e+00
   1.6564151e+02   1.2720000e+03   1.0000000e+00
   1.6568710e+02   1.2400000e+03   1.0000000e+00
   1.6622623e+02   1.2200000e+03   1.0000000e+00
   1.6577000e+02   1.2000000e+03   1.0000000e+00
   1.6518333e+02   1.2000000e+03   1.0000000e+00
   1.6492384e+02   1.2080000e+03   1.0000000e+00
   1.6406688e+02   1.2560000e+03   1.0000000e+00
   1.6314184e+02   1.1280000e+03   1.0000000e+00
   1.6301270e+02   1.2600000e+03   1.0000000e+00
   1.6201667e+02   1.2000000e+03   1.0000000e+00
   1.6208475e+02   1.1800000e+03   1.0000000e+00
   1.6548772e+02   1.1400000e+03   1.0000000e+00
   1.6401799e+02   1.1120000e+03   1.0000000e+00
   1.6500000e+02   1.1120000e+03   1.0000000e+00
   1.6454815e+02   1.0800000e+03   1.0000000e+00
   1.6482721e+02   1.0880000e+03   1.0000000e+00
   1.6488806e+02   1.0720000e+03   1.0000000e+00
   1.6174340e+02   1.0600000e+03   1.0000000e+00
   1.6432584e+02   1.0680000e+03   1.0000000e+00
   1.6467910e+02   1.0720000e+03   1.0000000e+00
   1.7676923e+02   2.0800000e+02   1.0000000e+00
   1.6152107e+02   1.0440000e+03   1.0000000e+00
   1.7378947e+02   3.8000000e+02   1.0000000e+00
   1.6034100e+02   1.0440000e+03   1.0000000e+00
   1.8264516e+02   1.2400000e+02   1.0000000e+00
   1.6236364e+02   1.2320000e+03   1.0000000e+00
   1.6255799e+02   1.2760000e+03   1.0000000e+00
   1.7670588e+02   3.4000000e+02   1.0000000e+00
   1.5991391e+02   1.2080000e+03   1.0000000e+00
   1.7019355e+02   3.7200000e+02   1.0000000e+00
   1.5573630e+02   1.1680000e+03   1.0000000e+00
   1.6023795e+02   1.3280000e+03   1.0000000e+00
   1.6066561e+02   1.2560000e+03   1.0000000e+00
   1.6194921e+02   1.2600000e+03   1.0000000e+00
   1.6134195e+02   1.3920000e+03   1.0000000e+00
   1.6188889e+02   1.3320000e+03   1.0000000e+00
   1.7515789e+02   2.2800000e+02   1.0000000e+00
   1.5866932e+02   1.0040000e+03   1.0000000e+00
   1.6156688e+02   1.2560000e+03   1.0000000e+00
   1.6287926e+02   1.2920000e+03   1.0000000e+00
   1.6323175e+02   1.2600000e+03   1.0000000e+00
   1.6313592e+02   1.2360000e+03   1.0000000e+00
   1.6361184e+02   1.2160000e+03   1.0000000e+00
   1.6486765e+02   8.1600000e+02   1.0000000e+00
   1.8862234e+02   7.5200000e+02   1.0000000e+00
   1.7027500e+02   9.6000000e+02   1.0000000e+00
   1.6023226e+02   1.8600000e+03   1.0000000e+00
   1.6379775e+02   1.4240000e+03   1.0000000e+00
   1.8471429e+02   8.4000000e+01   1.0000000e+00
   1.6091475e+02   1.2200000e+03   1.0000000e+00
   1.6203185e+02   1.2560000e+03   1.0000000e+00
   1.6351495e+02   1.2040000e+03   1.0000000e+00
   1.6133893e+02   1.1920000e+03   1.0000000e+00
   1.6419269e+02   1.2040000e+03   1.0000000e+00
   1.6462821e+02   1.2480000e+03   1.0000000e+00
   1.6381055e+02   1.6680000e+03   1.0000000e+00
   1.6462236e+02   1.3240000e+03   1.0000000e+00
   1.6415929e+02   1.3560000e+03   1.0000000e+00
   1.6104884e+02   1.5560000e+03   1.0000000e+00
   1.6214628e+02   1.5040000e+03   1.0000000e+00
   1.8258333e+02   9.6000000e+01   1.0000000e+00
   1.6035465e+02   1.3760000e+03   1.0000000e+00
   1.6392623e+02   1.4640000e+03   1.0000000e+00
   1.6418056e+02   1.4400000e+03   1.0000000e+00
   1.6328492e+02   1.4320000e+03   1.0000000e+00
   1.7051961e+02   4.0800000e+02   1.0000000e+00
   1.5872000e+02   1.0000000e+03   1.0000000e+00
   1.6313202e+02   1.4240000e+03   1.0000000e+00
   1.6175287e+02   1.3920000e+03   1.0000000e+00
   1.9402083e+02   1.9200000e+02   1.0000000e+00
   1.7180153e+02   5.2400000e+02   1.0000000e+00
   1.6665649e+02   1.0480000e+03   1.0000000e+00
   1.6107541e+02   1.2200000e+03   1.0000000e+00
   1.6457407e+02   1.7280000e+03   1.0000000e+00
   1.6039945e+02   1.4520000e+03   1.0000000e+00
   1.7542105e+02   3.8000000e+02   1.0000000e+00
   1.6357474e+02   1.5520000e+03   1.0000000e+00
   1.9244444e+02   3.6000000e+01   1.0000000e+00
   1.7552500e+02   3.2000000e+02   1.0000000e+00
   1.6278054e+02   1.7680000e+03   1.0000000e+00
   1.6993143e+02   7.0000000e+02   1.0000000e+00
   1.6137097e+02   1.2400000e+03   1.0000000e+00
   1.7127273e+02   4.4000000e+02   1.0000000e+00
   1.5987356e+02   1.3920000e+03   1.0000000e+00
   1.9565455e+02   2.2000000e+02   1.0000000e+00
   1.7737500e+02   3.2000000e+02   1.0000000e+00
   1.6322038e+02   1.6880000e+03   1.0000000e+00
   1.6716263e+02   1.1560000e+03   1.0000000e+00
   1.6527368e+02   3.8000000e+02   1.0000000e+00
   1.6852439e+02   1.3120000e+03   1.0000000e+00
   1.5717112e+02   7.4800000e+02   1.0000000e+00
   1.6972727e+02   5.2800000e+02   1.0000000e+00
   1.6190236e+02   1.1880000e+03   1.0000000e+00
   1.7989189e+02   1.4800000e+02   1.0000000e+00
   1.6090506e+02   1.8960000e+03   1.0000000e+00
   2.0408333e+02   1.9200000e+02   1.0000000e+00
   1.8593651e+02   7.5600000e+02   1.0000000e+00
   1.7299213e+02   1.0160000e+03   1.0000000e+00
   1.6188976e+02   1.0160000e+03   1.0000000e+00
   1.6515733e+02   1.8560000e+03   1.0000000e+00
   1.7592453e+02   2.1200000e+02   1.0000000e+00
   1.6184200e+02   1.9240000e+03   1.0000000e+00
   1.6499485e+02   1.5520000e+03   1.0000000e+00
   1.8834286e+02   1.4000000e+02   1.0000000e+00
   1.7295161e+02   4.9600000e+02   1.0000000e+00
   1.6099735e+02   1.5120000e+03   1.0000000e+00
   1.6894422e+02   1.0040000e+03   1.0000000e+00
   1.6317355e+02   4.8400000e+02   1.0000000e+00
   1.7741818e+02   2.2000000e+02   1.0000000e+00
   1.6133071e+02   1.5240000e+03   1.0000000e+00
   1.6911413e+02   7.3600000e+02   1.0000000e+00
   1.6342396e+02   8.6800000e+02   1.0000000e+00
   1.7259783e+02   3.6800000e+02   1.0000000e+00
   1.5971788e+02   1.5880000e+03   1.0000000e+00
   1.7806849e+02   2.9200000e+02   1.0000000e+00
   1.8683333e+02   2.4000000e+02   1.0000000e+00
   1.7126415e+02   4.2400000e+02   1.0000000e+00
   1.5913315e+02   1.4720000e+03   1.0000000e+00
   1.6438218e+02   1.3920000e+03   1.0000000e+00
   1.6168182e+02   5.2800000e+02   1.0000000e+00
   1.7079259e+02   5.4000000e+02   1.0000000e+00
   1.5854145e+02   1.5440000e+03   1.0000000e+00
   1.7274790e+02   4.7600000e+02   1.0000000e+00
   1.6155807e+02   1.4120000e+03   1.0000000e+00
   1.6300737e+02   1.6280000e+03   1.0000000e+00
   1.9445161e+02   2.4800000e+02   1.0000000e+00
   1.7568421e+02   2.2800000e+02   1.0000000e+00
   1.6067500e+02   1.6000000e+03   1.0000000e+00
   1.7918182e+02   1.3200000e+02   1.0000000e+00
   1.6068210e+02   1.2960000e+03   1.0000000e+00
   1.9376667e+02   1.2000000e+02   1.0000000e+00
   1.7613433e+02   2.6800000e+02   1.0000000e+00
   1.6164722e+02   1.4400000e+03   1.0000000e+00
   1.6507797e+02   1.1800000e+03   1.0000000e+00
   1.7714000e+02   2.0000000e+02   1.0000000e+00
   1.6049322e+02   1.4760000e+03   1.0000000e+00
   1.7448101e+02   3.1600000e+02   1.0000000e+00
   1.6069149e+02   7.5200000e+02   1.0000000e+00
   1.6356250e+02   1.2800000e+02   1.0000000e+00
   1.7454082e+02   3.9200000e+02   1.0000000e+00
   1.6046644e+02   1.1920000e+03   1.0000000e+00
   1.6308171e+02   1.0280000e+03   1.0000000e+00
   1.6032653e+02   1.9600000e+02   1.0000000e+00
   1.7589583e+02   1.9200000e+02   1.0000000e+00
   1.5893473e+02   1.7160000e+03   1.0000000e+00
   1.6630978e+02   7.3600000e+02   1.0000000e+00
   1.5997605e+02   6.6800000e+02   1.0000000e+00
   1.7817021e+02   3.7600000e+02   1.0000000e+00
   1.5821354e+02   1.5360000e+03   1.0000000e+00
   1.6792697e+02   7.1200000e+02   1.0000000e+00
   2.0421951e+02   1.6400000e+02   1.0000000e+00
   1.8517877e+02   7.1600000e+02   1.0000000e+00
   1.6832819e+02   1.8160000e+03   1.0000000e+00
   1.5808333e+02   2.3040000e+03   1.0000000e+00
   1.6218272e+02   1.6200000e+03   1.0000000e+00
   1.7702857e+02   1.4000000e+02   1.0000000e+00
   1.5820170e+02   1.4080000e+03   1.0000000e+00
   1.7349231e+02   2.6000000e+02   1.0000000e+00
   1.5896403e+02   1.1120000e+03   1.0000000e+00
   1.8160714e+02   1.1200000e+02   1.0000000e+00
   1.5809770e+02   1.3920000e+03   1.0000000e+00
   1.6282006e+02   1.3560000e+03   1.0000000e+00
   1.6835780e+02   4.3600000e+02   1.0000000e+00
   1.5618072e+02   9.9600000e+02   1.0000000e+00
   1.6749032e+02   6.2000000e+02   1.0000000e+00
   1.5551190e+02   6.7200000e+02   1.0000000e+00
   1.6388406e+02   1.3800000e+03   1.0000000e+00
   1.6020256e+02   1.5600000e+03   1.0000000e+00
   1.6190881e+02   1.3160000e+03   1.0000000e+00
   1.6379874e+02   1.2720000e+03   1.0000000e+00
   1.6148701e+02   1.2320000e+03   1.0000000e+00
   1.6122727e+02   1.2320000e+03   1.0000000e+00
   1.6100000e+02   1.2240000e+03   1.0000000e+00
   1.6296000e+02   1.2000000e+03   1.0000000e+00
   1.6175585e+02   1.1960000e+03   1.0000000e+00
   1.6170946e+02   1.1840000e+03   1.0000000e+00
   1.6230508e+02   1.1800000e+03   1.0000000e+00
   1.7225926e+02   3.2400000e+02   1.0000000e+00
   1.5858294e+02   8.4400000e+02   1.0000000e+00
   1.6159044e+02   1.1720000e+03   1.0000000e+00
   1.5865696e+02   1.2360000e+03   1.0000000e+00
   1.7298387e+02   2.4800000e+02   1.0000000e+00
   1.5846063e+02   1.0160000e+03   1.0000000e+00
   1.6094079e+02   1.2160000e+03   1.0000000e+00
   1.6225462e+02   1.9480000e+03   1.0000000e+00
   1.6297538e+02   1.3000000e+03   1.0000000e+00
   1.6279341e+02   1.3360000e+03   1.0000000e+00
   1.7643750e+02   1.9200000e+02   1.0000000e+00
   1.5994455e+02   2.0200000e+03   1.0000000e+00
   1.6102703e+02   1.4800000e+03   1.0000000e+00
   1.6263144e+02   1.4760000e+03   1.0000000e+00
   1.6823810e+02   6.7200000e+02   1.0000000e+00
   1.5830280e+02   1.5720000e+03   1.0000000e+00
   1.6223518e+02   2.0240000e+03   1.0000000e+00
   1.6044836e+02   1.5880000e+03   1.0000000e+00
   1.6148208e+02   2.2320000e+03   1.0000000e+00
   1.6049000e+02   1.6000000e+03   1.0000000e+00
   2.0412195e+02   1.6400000e+02   1.0000000e+00
   1.8551477e+02   9.4800000e+02   1.0000000e+00
   1.6988729e+02   1.6680000e+03   1.0000000e+00
   1.5943023e+02   2.4080000e+03   1.0000000e+00
   1.6417495e+02   1.8520000e+03   1.0000000e+00
   1.6495599e+02   1.6360000e+03   1.0000000e+00
   1.6551948e+02   1.5400000e+03   1.0000000e+00
   1.6339257e+02   1.5080000e+03   1.0000000e+00
   1.6386096e+02   1.4960000e+03   1.0000000e+00
   1.6408847e+02   1.4920000e+03   1.0000000e+00
   1.6341576e+02   1.4720000e+03   1.0000000e+00
   1.6433602e+02   1.4880000e+03   1.0000000e+00
   1.6198901e+02   1.4560000e+03   1.0000000e+00
   1.6357838e+02   1.4800000e+03   1.0000000e+00
   1.7038562e+02   6.1200000e+02   1.0000000e+00
   1.5890213e+02   9.4000000e+02   1.0000000e+00
   1.7635135e+02   1.4800000e+02   1.0000000e+00
   1.6263333e+02   1.5600000e+03   1.0000000e+00
   1.6212658e+02   1.5800000e+03   1.0000000e+00
   1.6068496e+02   1.6760000e+03   1.0000000e+00
   1.6217317e+02   1.6400000e+03   1.0000000e+00
   1.7115108e+02   5.5600000e+02   1.0000000e+00
   1.5976023e+02   1.3680000e+03   1.0000000e+00
   1.7070103e+02   3.8800000e+02   1.0000000e+00
   1.5916707e+02   1.6520000e+03   1.0000000e+00
   1.6082857e+02   1.6800000e+03   1.0000000e+00
   1.6062621e+02   1.6480000e+03   1.0000000e+00
   1.6222195e+02   1.6400000e+03   1.0000000e+00
   1.6877714e+02   7.0000000e+02   1.0000000e+00
   1.5894444e+02   1.2960000e+03   1.0000000e+00
   1.6200735e+02   1.6320000e+03   1.0000000e+00
   1.6756055e+02   1.1560000e+03   1.0000000e+00
   1.5849327e+02   8.9200000e+02   1.0000000e+00
   1.6292786e+02   1.6080000e+03   1.0000000e+00
   1.6329668e+02   1.5640000e+03   1.0000000e+00
   1.6325000e+02   1.5360000e+03   1.0000000e+00
   1.6217143e+02   1.5400000e+03   1.0000000e+00
   1.6411919e+02   1.3760000e+03   1.0000000e+00
   2.0641026e+02   1.5600000e+02   1.0000000e+00
   1.8519231e+02   8.3200000e+02   1.0000000e+00
   1.7091772e+02   1.2640000e+03   1.0000000e+00
   1.6205082e+02   2.2040000e+03   1.0000000e+00
   1.6555455e+02   1.7600000e+03   1.0000000e+00
   1.6524823e+02   1.6920000e+03   1.0000000e+00
   1.7695918e+02   1.9600000e+02   1.0000000e+00
   1.6129664e+02   1.3080000e+03   1.0000000e+00
   1.7514773e+02   3.5200000e+02   1.0000000e+00
   1.6228707e+02   1.2680000e+03   1.0000000e+00
   1.6347059e+02   1.6320000e+03   1.0000000e+00
   1.6603784e+02   1.4800000e+03   1.0000000e+00
   1.6424110e+02   1.4600000e+03   1.0000000e+00
   1.6464690e+02   1.4840000e+03   1.0000000e+00
   1.6498638e+02   1.4680000e+03   1.0000000e+00
   1.6480633e+02   2.1480000e+03   1.0000000e+00
   1.6413348e+02   1.7680000e+03   1.0000000e+00
   1.6297931e+02   1.7400000e+03   1.0000000e+00
   1.6408232e+02   1.6520000e+03   1.0000000e+00
   1.6356359e+02   1.6040000e+03   1.0000000e+00
   1.6271728e+02   1.5280000e+03   1.0000000e+00
   1.6370077e+02   1.5640000e+03   1.0000000e+00
   1.6401316e+02   1.5200000e+03   1.0000000e+00
   1.6249244e+02   1.8520000e+03   1.0000000e+00
   1.6245288e+02   1.5280000e+03   1.0000000e+00
   1.7151955e+02   7.1600000e+02   1.0000000e+00
   1.5992284e+02   1.2960000e+03   1.0000000e+00
   1.8521739e+02   9.2000000e+01   1.0000000e+00
   1.6205707e+02   1.4720000e+03   1.0000000e+00
   1.7417105e+02   3.0400000e+02   1.0000000e+00
   1.6110855e+02   1.2160000e+03   1.0000000e+00
   1.7522222e+02   2.5200000e+02   1.0000000e+00
   1.6115210e+02   1.2360000e+03   1.0000000e+00
   1.7320482e+02   3.3200000e+02   1.0000000e+00
   1.6061053e+02   1.1400000e+03   1.0000000e+00
   1.6462779e+02   1.6120000e+03   1.0000000e+00
   1.7477049e+02   2.4400000e+02   1.0000000e+00
   1.6076677e+02   1.2520000e+03   1.0000000e+00
   1.6378846e+02   1.4560000e+03   1.0000000e+00
   1.6422254e+02   1.4200000e+03   1.0000000e+00
   1.6180286e+02   1.4000000e+03   1.0000000e+00
   1.6283381e+02   1.3960000e+03   1.0000000e+00
   1.6328035e+02   1.3840000e+03   1.0000000e+00
   1.7234286e+02   4.2000000e+02   1.0000000e+00
   1.5619048e+02   5.0400000e+02   1.0000000e+00
   2.0523256e+02   1.7200000e+02   1.0000000e+00
   1.8049679e+02   1.2480000e+03   1.0000000e+00
   1.6772826e+02   1.1040000e+03   1.0000000e+00
   1.5876248e+02   2.3240000e+03   1.0000000e+00
   1.8291304e+02   9.2000000e+01   1.0000000e+00
   1.6002326e+02   1.7200000e+03   1.0000000e+00
   1.6401323e+02   1.5120000e+03   1.0000000e+00
   1.6198319e+02   1.4280000e+03   1.0000000e+00
   1.6291714e+02   1.4000000e+03   1.0000000e+00
   1.6345862e+02   2.3200000e+03   1.0000000e+00
   1.6216527e+02   1.4280000e+03   1.0000000e+00
   1.6537249e+02   1.3960000e+03   1.0000000e+00
   1.6417493e+02   1.3720000e+03   1.0000000e+00
   1.6912209e+02   1.3760000e+03   1.0000000e+00
   1.5757835e+02   1.4040000e+03   1.0000000e+00
   1.9092308e+02   5.2000000e+01   1.0000000e+00
   1.7052800e+02   5.0000000e+02   1.0000000e+00
   1.9285185e+02   1.0800000e+02   1.0000000e+00
   1.7542105e+02   3.8000000e+02   1.0000000e+00
   1.5998720e+02   2.5000000e+03   1.0000000e+00
   1.7282353e+02   2.7200000e+02   1.0000000e+00
   1.6108921e+02   1.9280000e+03   1.0000000e+00
   1.6279666e+02   1.4360000e+03   1.0000000e+00
   1.6140000e+02   3.6000000e+02   1.0000000e+00
   1.7652083e+02   1.9200000e+02   1.0000000e+00
   1.6009052e+02   1.8560000e+03   1.0000000e+00
   1.6980357e+02   4.4800000e+02   1.0000000e+00
   1.6067725e+02   1.5120000e+03   1.0000000e+00
   1.7697778e+02   1.8000000e+02   1.0000000e+00
   1.6007673e+02   1.5640000e+03   1.0000000e+00
   1.9877419e+02   2.4800000e+02   1.0000000e+00
   1.7696296e+02   2.1600000e+02   1.0000000e+00
   1.6014706e+02   1.7680000e+03   1.0000000e+00
   1.6753947e+02   9.1200000e+02   1.0000000e+00
   1.6282099e+02   6.4800000e+02   1.0000000e+00
   1.7793023e+02   1.7200000e+02   1.0000000e+00
   1.6096825e+02   1.5120000e+03   1.0000000e+00
   1.8051724e+02   1.1600000e+02   1.0000000e+00
   1.6055224e+02   1.3400000e+03   1.0000000e+00
   1.6077419e+02   1.4880000e+03   1.0000000e+00
   1.8029167e+02   9.6000000e+01   1.0000000e+00
   1.5888158e+02   1.2160000e+03   1.0000000e+00
   1.6299060e+02   1.2760000e+03   1.0000000e+00
   1.6409317e+02   1.2880000e+03   1.0000000e+00
   1.8050000e+02   1.1200000e+02   1.0000000e+00
   1.5977419e+02   1.2400000e+03   1.0000000e+00
   1.6757241e+02   5.8000000e+02   1.0000000e+00
   1.8786916e+02   8.5600000e+02   1.0000000e+00
   1.7093536e+02   1.0520000e+03   1.0000000e+00
   1.6172125e+02   2.0520000e+03   1.0000000e+00
   1.7296667e+02   3.6000000e+02   1.0000000e+00
   1.6022078e+02   1.2320000e+03   1.0000000e+00
   1.6513314e+02   1.4120000e+03   1.0000000e+00
   1.6457927e+02   1.3120000e+03   1.0000000e+00
   1.7754321e+02   3.2400000e+02   1.0000000e+00
   1.6053497e+02   1.1440000e+03   1.0000000e+00
   1.6318069e+02   1.2840000e+03   1.0000000e+00
   1.7416092e+02   3.4800000e+02   1.0000000e+00
   1.6084791e+02   1.0520000e+03   1.0000000e+00
   1.6330189e+02   1.2720000e+03   1.0000000e+00
   1.6190830e+02   1.8320000e+03   1.0000000e+00
   1.6035897e+02   1.0920000e+03   1.0000000e+00
   1.6424670e+02   9.0800000e+02   1.0000000e+00
   1.8575472e+02   6.3600000e+02   1.0000000e+00
   1.6983568e+02   8.5200000e+02   1.0000000e+00
   1.6013317e+02   1.6520000e+03   1.0000000e+00
   1.6544366e+02   5.6800000e+02   1.0000000e+00
   1.9946286e+02   7.0000000e+02  -1.0000000e+00
   1.9339333e+02   1.8000000e+03  -1.0000000e+00
   1.9412016e+02   1.0320000e+03  -1.0000000e+00
   1.9352294e+02   8.7200000e+02  -1.0000000e+00
   1.9358796e+02   8.6400000e+02  -1.0000000e+00
   1.9347586e+02   1.1600000e+03  -1.0000000e+00
   1.9234733e+02   1.0480000e+03  -1.0000000e+00
   2.0292135e+02   3.5600000e+02  -1.0000000e+00
   1.8868664e+02   8.6800000e+02  -1.0000000e+00
   1.9230483e+02   1.0760000e+03  -1.0000000e+00
   2.0282105e+02   3.8000000e+02  -1.0000000e+00
   1.8883691e+02   9.3200000e+02  -1.0000000e+00
   1.9203321e+02   1.0840000e+03  -1.0000000e+00
   1.9236702e+02   1.5040000e+03  -1.0000000e+00
   2.0848780e+02   1.6400000e+02  -1.0000000e+00
   1.9102991e+02   9.3600000e+02  -1.0000000e+00
   1.9153125e+02   8.9600000e+02  -1.0000000e+00
   1.9317623e+02   9.7600000e+02  -1.0000000e+00
   1.9133971e+02   8.3600000e+02  -1.0000000e+00
   1.9274249e+02   9.3200000e+02  -1.0000000e+00
   1.9297674e+02   8.6000000e+02  -1.0000000e+00
   1.9375926e+02   1.0800000e+03  -1.0000000e+00
   1.9359055e+02   1.0160000e+03  -1.0000000e+00
   2.0139844e+02   5.1200000e+02  -1.0000000e+00
   1.8859504e+02   4.8400000e+02  -1.0000000e+00
   1.9301581e+02   1.0120000e+03  -1.0000000e+00
   1.9323605e+02   9.3200000e+02  -1.0000000e+00
   1.9250000e+02   8.8000000e+02  -1.0000000e+00
   1.9119283e+02   8.9200000e+02  -1.0000000e+00
   1.9321005e+02   8.7600000e+02  -1.0000000e+00
   1.9183105e+02   8.7600000e+02  -1.0000000e+00
   1.9103670e+02   8.7200000e+02  -1.0000000e+00
   1.9264629e+02   9.1600000e+02  -1.0000000e+00
   1.9171739e+02   9.2000000e+02  -1.0000000e+00
   1.9265948e+02   9.2800000e+02  -1.0000000e+00
   1.9254709e+02   8.9200000e+02  -1.0000000e+00
   1.9136620e+02   8.5200000e+02  -1.0000000e+00
   1.9095631e+02   8.2400000e+02  -1.0000000e+00
   1.9643704e+02   5.4000000e+02  -1.0000000e+00
   2.0842537e+02   5.3600000e+02  -1.0000000e+00
   1.9037931e+02   1.6240000e+03  -1.0000000e+00
   2.0036559e+02   3.7200000e+02  -1.0000000e+00
   1.8755056e+02   7.1200000e+02  -1.0000000e+00
   1.9144019e+02   8.3600000e+02  -1.0000000e+00
   1.9101422e+02   8.4400000e+02  -1.0000000e+00
   1.9133790e+02   8.7600000e+02  -1.0000000e+00
   1.9100952e+02   8.4000000e+02  -1.0000000e+00
   1.9108333e+02   9.1200000e+02  -1.0000000e+00
   1.9157477e+02   8.5600000e+02  -1.0000000e+00
   1.9048826e+02   8.5200000e+02  -1.0000000e+00
   1.9164384e+02   8.7600000e+02  -1.0000000e+00
   1.9047887e+02   8.5200000e+02  -1.0000000e+00
   1.9191163e+02   8.6000000e+02  -1.0000000e+00
   1.9067136e+02   8.5200000e+02  -1.0000000e+00
   1.9293981e+02   8.6400000e+02  -1.0000000e+00
   1.9175909e+02   8.8000000e+02  -1.0000000e+00
   1.9161842e+02   9.1200000e+02  -1.0000000e+00
   1.9152055e+02   8.7600000e+02  -1.0000000e+00
   1.9282328e+02   9.2800000e+02  -1.0000000e+00
   1.9142793e+02   8.8800000e+02  -1.0000000e+00
   1.9250417e+02   9.6000000e+02  -1.0000000e+00
   1.9217195e+02   8.8400000e+02  -1.0000000e+00
   1.9079817e+02   8.7200000e+02  -1.0000000e+00
   1.9081106e+02   8.6800000e+02  -1.0000000e+00
   1.9053365e+02   8.3200000e+02  -1.0000000e+00
   1.9241315e+02   8.5200000e+02  -1.0000000e+00
   1.9162136e+02   8.2400000e+02  -1.0000000e+00
   1.9189778e+02   9.0000000e+02  -1.0000000e+00
   1.9177830e+02   8.4800000e+02  -1.0000000e+00
   1.9293506e+02   9.2400000e+02  -1.0000000e+00
   1.9129224e+02   8.7600000e+02  -1.0000000e+00
   1.9137327e+02   8.6800000e+02  -1.0000000e+00
   1.9132579e+02   8.8400000e+02  -1.0000000e+00
   1.9248661e+02   8.9600000e+02  -1.0000000e+00
   1.9081279e+02   8.7600000e+02  -1.0000000e+00
   1.9261607e+02   8.9600000e+02  -1.0000000e+00
   1.9165992e+02   9.8800000e+02  -1.0000000e+00
   2.0966917e+02   5.3200000e+02  -1.0000000e+00
   1.9155581e+02   1.7560000e+03  -1.0000000e+00
   1.9099187e+02   9.8400000e+02  -1.0000000e+00
   1.9149756e+02   8.2000000e+02  -1.0000000e+00
   1.9034673e+02   7.9600000e+02  -1.0000000e+00
   1.9050000e+02   8.1600000e+02  -1.0000000e+00
   1.9170051e+02   7.8800000e+02  -1.0000000e+00
   1.9104348e+02   8.2800000e+02  -1.0000000e+00
   1.9240426e+02   7.5200000e+02  -1.0000000e+00
   1.9338057e+02   9.8800000e+02  -1.0000000e+00
   1.9272464e+02   8.2800000e+02  -1.0000000e+00
   1.9128436e+02   8.4400000e+02  -1.0000000e+00
   1.9133333e+02   8.8800000e+02  -1.0000000e+00
   1.9189706e+02   8.1600000e+02  -1.0000000e+00
   1.9254661e+02   9.4400000e+02  -1.0000000e+00
   1.9121827e+02   7.8800000e+02  -1.0000000e+00
   1.9163596e+02   9.1200000e+02  -1.0000000e+00
   1.9154067e+02   8.3600000e+02  -1.0000000e+00
   1.9186486e+02   8.8800000e+02  -1.0000000e+00
   1.9164557e+02   9.4800000e+02  -1.0000000e+00
   1.9231944e+02   8.6400000e+02  -1.0000000e+00
   1.9244635e+02   9.3200000e+02  -1.0000000e+00
   1.9149583e+02   9.6000000e+02  -1.0000000e+00
   1.9043204e+02   8.2400000e+02  -1.0000000e+00
   1.9105217e+02   9.2000000e+02  -1.0000000e+00
   1.9087019e+02   8.3200000e+02  -1.0000000e+00
   1.9233913e+02   9.2000000e+02  -1.0000000e+00
   1.9011330e+02   8.1200000e+02  -1.0000000e+00
   1.9195671e+02   9.2400000e+02  -1.0000000e+00
   1.9021939e+02   7.8400000e+02  -1.0000000e+00
   1.9125490e+02   8.1600000e+02  -1.0000000e+00
   1.9131140e+02   9.1200000e+02  -1.0000000e+00
   1.9236486e+02   8.8800000e+02  -1.0000000e+00
   2.0265775e+02   7.4800000e+02  -1.0000000e+00
   1.8846951e+02   6.5600000e+02  -1.0000000e+00
   1.9115920e+02   8.0400000e+02  -1.0000000e+00
   1.9174359e+02   9.3600000e+02  -1.0000000e+00
   1.9235545e+02   8.4400000e+02  -1.0000000e+00
   2.0233088e+02   5.4400000e+02  -1.0000000e+00
   1.8826291e+02   8.5200000e+02  -1.0000000e+00
   2.0717801e+02   7.6400000e+02  -1.0000000e+00
   1.8967292e+02   1.9200000e+03  -1.0000000e+00
   2.0104478e+02   5.3600000e+02  -1.0000000e+00
   1.8758088e+02   1.0880000e+03  -1.0000000e+00
   2.0098361e+02   4.8800000e+02  -1.0000000e+00
   1.8750598e+02   1.0040000e+03  -1.0000000e+00
   2.0118261e+02   4.6000000e+02  -1.0000000e+00
   1.8773279e+02   9.8800000e+02  -1.0000000e+00
   2.0238542e+02   3.8400000e+02  -1.0000000e+00
   1.8809160e+02   1.0480000e+03  -1.0000000e+00
   2.0119643e+02   4.4800000e+02  -1.0000000e+00
   1.8749160e+02   9.5200000e+02  -1.0000000e+00
   2.0057265e+02   4.6800000e+02  -1.0000000e+00
   1.8764629e+02   9.1600000e+02  -1.0000000e+00
   2.0108182e+02   4.4000000e+02  -1.0000000e+00
   1.8739224e+02   9.2800000e+02  -1.0000000e+00
   1.9244186e+02   1.5480000e+03  -1.0000000e+00
   1.9025987e+02   1.2160000e+03  -1.0000000e+00
   2.0148276e+02   4.6400000e+02  -1.0000000e+00
   1.8835593e+02   1.1800000e+03  -1.0000000e+00
   2.0959836e+02   4.8800000e+02  -1.0000000e+00
   1.9158782e+02   1.7080000e+03  -1.0000000e+00
   2.0670667e+02   3.0000000e+02  -1.0000000e+00
   1.9063077e+02   1.5600000e+03  -1.0000000e+00
   2.0298214e+02   4.4800000e+02  -1.0000000e+00
   1.9042938e+02   7.0800000e+02  -1.0000000e+00
   2.0221910e+02   7.1200000e+02  -1.0000000e+00
   1.8863343e+02   1.3640000e+03  -1.0000000e+00
   2.0235227e+02   7.0400000e+02  -1.0000000e+00
   1.8875216e+02   1.3880000e+03  -1.0000000e+00
   2.0564762e+02   4.2000000e+02  -1.0000000e+00
   1.9230941e+02   1.6160000e+03  -1.0000000e+00
   2.0348252e+02   5.7200000e+02  -1.0000000e+00
   1.8989716e+02   1.1280000e+03  -1.0000000e+00
   2.0336585e+02   4.9200000e+02  -1.0000000e+00
   1.8981008e+02   1.0320000e+03  -1.0000000e+00
   2.0362162e+02   4.4400000e+02  -1.0000000e+00
   1.8978682e+02   1.0320000e+03  -1.0000000e+00
   2.0358511e+02   3.7600000e+02  -1.0000000e+00
   1.9007336e+02   1.0360000e+03  -1.0000000e+00
   1.9910383e+02   7.3200000e+02  -1.0000000e+00
   2.0841935e+02   7.4400000e+02  -1.0000000e+00
   1.9144148e+02   1.9480000e+03  -1.0000000e+00
   2.0327429e+02   7.0000000e+02  -1.0000000e+00
   1.8912169e+02   7.5600000e+02  -1.0000000e+00
   1.9182812e+02   1.2800000e+03  -1.0000000e+00
   2.0223478e+02   4.6000000e+02  -1.0000000e+00
   1.8889286e+02   1.0080000e+03  -1.0000000e+00
   2.0571053e+02   3.0400000e+02  -1.0000000e+00
   1.8963004e+02   1.0920000e+03  -1.0000000e+00
   2.0288172e+02   3.7200000e+02  -1.0000000e+00
   1.8878906e+02   1.0240000e+03  -1.0000000e+00
   1.9164982e+02   1.1080000e+03  -1.0000000e+00
   2.0698750e+02   3.2000000e+02  -1.0000000e+00
   1.8876792e+02   1.1720000e+03  -1.0000000e+00
   1.9270164e+02   1.2200000e+03  -1.0000000e+00
   1.9581553e+02   1.6480000e+03  -1.0000000e+00
   2.0632203e+02   2.3600000e+02  -1.0000000e+00
   1.9078491e+02   1.0600000e+03  -1.0000000e+00
   2.0329213e+02   3.5600000e+02  -1.0000000e+00
   1.8942616e+02   9.4800000e+02  -1.0000000e+00
   1.9217492e+02   1.2120000e+03  -1.0000000e+00
   1.9233766e+02   1.2320000e+03  -1.0000000e+00
   2.0120000e+02   4.0000000e+02  -1.0000000e+00
   1.8863861e+02   8.0800000e+02  -1.0000000e+00
   2.0272289e+02   3.3200000e+02  -1.0000000e+00
   1.8931651e+02   8.7200000e+02  -1.0000000e+00
   1.9189209e+02   1.1120000e+03  -1.0000000e+00
   2.0910526e+02   1.5200000e+02  -1.0000000e+00
   1.9110400e+02   1.0000000e+03  -1.0000000e+00
   2.0200000e+02   4.2000000e+02  -1.0000000e+00
   1.8784211e+02   7.6000000e+02  -1.0000000e+00
   1.8920708e+02   1.4680000e+03  -1.0000000e+00
   2.0519792e+02   3.8400000e+02  -1.0000000e+00
   1.8822951e+02   1.4640000e+03  -1.0000000e+00
   1.8962987e+02   1.2320000e+03  -1.0000000e+00
   2.0102941e+02   5.4400000e+02  -1.0000000e+00
   1.8710544e+02   1.1760000e+03  -1.0000000e+00
   1.9896907e+02   3.8800000e+02  -1.0000000e+00
   1.8659624e+02   8.5200000e+02  -1.0000000e+00
   2.0099291e+02   5.6400000e+02  -1.0000000e+00
   1.8731321e+02   1.0600000e+03  -1.0000000e+00
   2.0026136e+02   3.5200000e+02  -1.0000000e+00
   2.0664646e+02   7.9200000e+02  -1.0000000e+00
   1.8890909e+02   1.9800000e+03  -1.0000000e+00
   1.9977444e+02   5.3200000e+02  -1.0000000e+00
   1.8638610e+02   1.0360000e+03  -1.0000000e+00
   2.0009848e+02   5.2800000e+02  -1.0000000e+00
   1.8694332e+02   9.8800000e+02  -1.0000000e+00
   2.0174490e+02   3.9200000e+02  -1.0000000e+00
   1.8777736e+02   1.0600000e+03  -1.0000000e+00
   2.0380519e+02   3.0800000e+02  -1.0000000e+00
   1.8839636e+02   1.1000000e+03  -1.0000000e+00
   1.8930100e+02   1.1960000e+03  -1.0000000e+00
   2.0048673e+02   4.5200000e+02  -1.0000000e+00
   1.8668831e+02   9.2400000e+02  -1.0000000e+00
   2.0074312e+02   4.3600000e+02  -1.0000000e+00
   1.8738655e+02   9.5200000e+02  -1.0000000e+00
   2.0163551e+02   4.2800000e+02  -1.0000000e+00
   1.8788559e+02   9.4400000e+02  -1.0000000e+00
   2.0392308e+02   3.6400000e+02  -1.0000000e+00
   1.8869858e+02   1.1280000e+03  -1.0000000e+00
   2.0067969e+02   5.1200000e+02  -1.0000000e+00
   1.8743162e+02   9.3600000e+02  -1.0000000e+00
   2.0213043e+02   4.6000000e+02  -1.0000000e+00
   1.8787160e+02   1.0280000e+03  -1.0000000e+00
   2.0167769e+02   4.8400000e+02  -1.0000000e+00
   1.8832016e+02   1.0120000e+03  -1.0000000e+00
   2.0093007e+02   5.7200000e+02  -1.0000000e+00
   1.8791803e+02   9.7600000e+02  -1.0000000e+00
   2.0862319e+02   2.7600000e+02  -1.0000000e+00
   1.9181250e+02   1.2800000e+03  -1.0000000e+00
   2.0215942e+02   5.5200000e+02  -1.0000000e+00
   1.8885657e+02   1.0040000e+03  -1.0000000e+00
   2.0207087e+02   5.0800000e+02  -1.0000000e+00
   1.8881893e+02   9.7200000e+02  -1.0000000e+00
   2.0303636e+02   4.4000000e+02  -1.0000000e+00
   1.8916475e+02   1.0440000e+03  -1.0000000e+00
   2.0182927e+02   4.9200000e+02  -1.0000000e+00
   1.8874897e+02   9.7200000e+02  -1.0000000e+00
   2.0235043e+02   4.6800000e+02  -1.0000000e+00
   1.8915102e+02   9.8000000e+02  -1.0000000e+00
   2.0179832e+02   4.7600000e+02  -1.0000000e+00
   1.8863636e+02   9.6800000e+02  -1.0000000e+00
   2.0241803e+02   4.8800000e+02  -1.0000000e+00
   1.8847325e+02   9.7200000e+02  -1.0000000e+00
   2.0229213e+02   3.5600000e+02  -1.0000000e+00
   1.8891457e+02   7.9600000e+02  -1.0000000e+00
   1.9474740e+02   1.1560000e+03  -1.0000000e+00
   2.0901705e+02   7.0400000e+02  -1.0000000e+00
   1.9161702e+02   1.8800000e+03  -1.0000000e+00
   2.0092568e+02   5.9200000e+02  -1.0000000e+00
   1.8854148e+02   9.1600000e+02  -1.0000000e+00
   2.0196667e+02   4.8000000e+02  -1.0000000e+00
   1.8914530e+02   9.3600000e+02  -1.0000000e+00
   2.0158462e+02   5.2000000e+02  -1.0000000e+00
   1.8866368e+02   8.9200000e+02  -1.0000000e+00
   2.0237168e+02   4.5200000e+02  -1.0000000e+00
   1.8911159e+02   9.3200000e+02  -1.0000000e+00
   2.0326000e+02   4.0000000e+02  -1.0000000e+00
   1.8943568e+02   9.6400000e+02  -1.0000000e+00
   2.0669512e+02   3.2800000e+02  -1.0000000e+00
   1.9193910e+02   1.2480000e+03  -1.0000000e+00
   2.0993023e+02   3.4400000e+02  -1.0000000e+00
   1.9276687e+02   1.3040000e+03  -1.0000000e+00
   2.0092568e+02   5.9200000e+02  -1.0000000e+00
   1.8874648e+02   8.5200000e+02  -1.0000000e+00
   2.0506557e+02   7.3200000e+02  -1.0000000e+00
   1.8966383e+02   9.4000000e+02  -1.0000000e+00
   2.0248246e+02   4.5600000e+02  -1.0000000e+00
   1.8966094e+02   9.3200000e+02  -1.0000000e+00
   2.0200833e+02   4.8000000e+02  -1.0000000e+00
   1.8963043e+02   9.2000000e+02  -1.0000000e+00
   2.0251429e+02   4.2000000e+02  -1.0000000e+00
   1.8993191e+02   9.4000000e+02  -1.0000000e+00
   2.0363158e+02   3.8000000e+02  -1.0000000e+00
   1.8995455e+02   9.6800000e+02  -1.0000000e+00
   2.0788060e+02   2.6800000e+02  -1.0000000e+00
   1.9219305e+02   1.0360000e+03  -1.0000000e+00
   1.9326389e+02   1.1520000e+03  -1.0000000e+00
   1.9350000e+02   1.0880000e+03  -1.0000000e+00
   1.9376109e+02   1.1720000e+03  -1.0000000e+00
   1.9447766e+02   1.1640000e+03  -1.0000000e+00
   1.9462759e+02   1.1600000e+03  -1.0000000e+00
   1.9478547e+02   1.1560000e+03  -1.0000000e+00
   1.9368817e+02   1.1160000e+03  -1.0000000e+00
   1.9402807e+02   1.1400000e+03  -1.0000000e+00
   2.0575309e+02   3.2400000e+02  -1.0000000e+00
   1.9172687e+02   9.0800000e+02  -1.0000000e+00
   1.9391919e+02   1.1880000e+03  -1.0000000e+00
   1.9512928e+02   1.0520000e+03  -1.0000000e+00
   1.9321940e+02   1.7320000e+03  -1.0000000e+00
   2.0467114e+02   5.9600000e+02  -1.0000000e+00
   1.9056075e+02   8.5600000e+02  -1.0000000e+00
   1.9458861e+02   1.2640000e+03  -1.0000000e+00
   1.9368671e+02   1.2640000e+03  -1.0000000e+00
   1.9343182e+02   1.2320000e+03  -1.0000000e+00
   1.9314527e+02   1.1840000e+03  -1.0000000e+00
   1.9295105e+02   1.1440000e+03  -1.0000000e+00
   1.9648744e+02   7.9600000e+02  -1.0000000e+00
   1.8550336e+02   5.9600000e+02  -1.0000000e+00
   2.0308257e+02   4.3600000e+02  -1.0000000e+00
   1.8795489e+02   1.0640000e+03  -1.0000000e+00
   2.0042593e+02   4.3200000e+02  -1.0000000e+00
   1.8730137e+02   8.7600000e+02  -1.0000000e+00
   2.0275269e+02   3.7200000e+02  -1.0000000e+00
   1.8838428e+02   9.1600000e+02  -1.0000000e+00
   1.8900000e+02   9.1600000e+02  -1.0000000e+00
   2.0208889e+02   3.6000000e+02  -1.0000000e+00
   1.8871495e+02   8.5600000e+02  -1.0000000e+00
   1.9231474e+02   1.0040000e+03  -1.0000000e+00
   2.0611594e+02   2.7600000e+02  -1.0000000e+00
   1.9068726e+02   1.0360000e+03  -1.0000000e+00
   2.0224468e+02   3.7600000e+02  -1.0000000e+00
   1.8950481e+02   8.3200000e+02  -1.0000000e+00
   2.0303311e+02   6.0400000e+02  -1.0000000e+00
   1.8946961e+02   7.2400000e+02  -1.0000000e+00
   1.9287410e+02   1.1120000e+03  -1.0000000e+00
   2.0518841e+02   2.7600000e+02  -1.0000000e+00
   1.9060538e+02   8.9200000e+02  -1.0000000e+00
   1.9377778e+02   1.0800000e+03  -1.0000000e+00
   1.9285448e+02   1.0720000e+03  -1.0000000e+00
   1.9264122e+02   1.0480000e+03  -1.0000000e+00
   1.9371053e+02   1.0640000e+03  -1.0000000e+00
   1.9242041e+02   9.8000000e+02  -1.0000000e+00
   1.9237037e+02   9.7200000e+02  -1.0000000e+00
   1.9292147e+02   7.6400000e+02  -1.0000000e+00
   1.9357414e+02   1.0520000e+03  -1.0000000e+00
   1.9388732e+02   8.5200000e+02  -1.0000000e+00
   1.9302390e+02   1.0040000e+03  -1.0000000e+00
   1.9550376e+02   5.3200000e+02  -1.0000000e+00
   2.0995489e+02   5.3200000e+02  -1.0000000e+00
   1.9245755e+02   1.6960000e+03  -1.0000000e+00
   2.0356180e+02   3.5600000e+02  -1.0000000e+00
   1.8992825e+02   8.9200000e+02  -1.0000000e+00
   1.9267647e+02   1.0880000e+03  -1.0000000e+00
   1.9217606e+02   1.1360000e+03  -1.0000000e+00
   1.9236765e+02   1.0880000e+03  -1.0000000e+00
   1.9025614e+02   1.1400000e+03  -1.0000000e+00
   2.0176531e+02   3.9200000e+02  -1.0000000e+00
   1.8822831e+02   8.7600000e+02  -1.0000000e+00
   1.9124916e+02   1.1880000e+03  -1.0000000e+00
   1.9148621e+02   1.1600000e+03  -1.0000000e+00
   2.0576786e+02   2.2400000e+02  -1.0000000e+00
   1.8918182e+02   9.6800000e+02  -1.0000000e+00
   2.0135955e+02   3.5600000e+02  -1.0000000e+00
   1.8830732e+02   8.2000000e+02  -1.0000000e+00
   1.9061397e+02   1.0880000e+03  -1.0000000e+00
   1.9060211e+02   1.1360000e+03  -1.0000000e+00
   1.9083721e+02   8.6000000e+02  -1.0000000e+00
   2.0444444e+02   2.8800000e+02  -1.0000000e+00
   1.8967331e+02   1.0040000e+03  -1.0000000e+00
   1.9197778e+02   9.0000000e+02  -1.0000000e+00
   2.0338462e+02   3.6400000e+02  -1.0000000e+00
   1.8892593e+02   8.6400000e+02  -1.0000000e+00
   1.9143363e+02   9.0400000e+02  -1.0000000e+00
   2.0372093e+02   3.4400000e+02  -1.0000000e+00
   1.8919824e+02   9.0800000e+02  -1.0000000e+00
   1.9178926e+02   9.6800000e+02  -1.0000000e+00
   2.0501429e+02   2.8000000e+02  -1.0000000e+00
   1.8986800e+02   1.0000000e+03  -1.0000000e+00
   1.9221236e+02   1.0360000e+03  -1.0000000e+00
   2.0323077e+02   3.6400000e+02  -1.0000000e+00
   1.8931466e+02   9.2800000e+02  -1.0000000e+00
   2.0225301e+02   3.3200000e+02  -1.0000000e+00
   1.8862857e+02   8.4000000e+02  -1.0000000e+00
   2.0103546e+02   5.6400000e+02  -1.0000000e+00
   1.8821649e+02   7.7600000e+02  -1.0000000e+00
   1.9170764e+02   1.2040000e+03  -1.0000000e+00
   2.0211111e+02   3.6000000e+02  -1.0000000e+00
   1.8869585e+02   8.6800000e+02  -1.0000000e+00
   2.0532787e+02   2.4400000e+02  -1.0000000e+00
   1.8970356e+02   1.0120000e+03  -1.0000000e+00
   1.9071648e+02   1.0440000e+03  -1.0000000e+00
   1.9261742e+02   1.0560000e+03  -1.0000000e+00
   2.0820833e+02   5.7600000e+02  -1.0000000e+00
   1.9070755e+02   1.6960000e+03  -1.0000000e+00
   2.0151376e+02   4.3600000e+02  -1.0000000e+00
   1.8929032e+02   7.4400000e+02  -1.0000000e+00
   1.9338060e+02   1.0720000e+03  -1.0000000e+00
   1.9328571e+02   1.0640000e+03  -1.0000000e+00
   1.9327737e+02   1.0960000e+03  -1.0000000e+00
   1.9257034e+02   1.0520000e+03  -1.0000000e+00
   1.9350538e+02   1.1160000e+03  -1.0000000e+00
   1.9342336e+02   1.0960000e+03  -1.0000000e+00
   1.9248352e+02   1.0920000e+03  -1.0000000e+00
   1.9254779e+02   1.0880000e+03  -1.0000000e+00
   1.9221162e+02   9.6400000e+02  -1.0000000e+00
   1.9289573e+02   8.4400000e+02  -1.0000000e+00
   1.9242324e+02   9.6400000e+02  -1.0000000e+00
   1.9325664e+02   9.0400000e+02  -1.0000000e+00
   1.9749693e+02   6.5200000e+02  -1.0000000e+00
   2.0961806e+02   5.7600000e+02  -1.0000000e+00
   1.9237410e+02   1.6680000e+03  -1.0000000e+00
   2.0165686e+02   4.0800000e+02  -1.0000000e+00
   1.8950495e+02   8.0800000e+02  -1.0000000e+00
   1.9190909e+02   1.0560000e+03  -1.0000000e+00
   1.9297826e+02   9.2000000e+02  -1.0000000e+00
   1.9279927e+02   1.0960000e+03  -1.0000000e+00
   1.9252692e+02   1.0400000e+03  -1.0000000e+00
   1.9331641e+02   1.0240000e+03  -1.0000000e+00
   1.9335317e+02   1.0080000e+03  -1.0000000e+00
   1.9186531e+02   9.8000000e+02  -1.0000000e+00
   1.9186939e+02   9.8000000e+02  -1.0000000e+00
   1.9302016e+02   9.9200000e+02  -1.0000000e+00
   1.9297628e+02   1.0120000e+03  -1.0000000e+00
   1.9173568e+02   9.0800000e+02  -1.0000000e+00
   1.9201646e+02   9.7200000e+02  -1.0000000e+00
   1.9294421e+02   9.3200000e+02  -1.0000000e+00
   1.9389965e+02   1.1560000e+03  -1.0000000e+00
   1.9340613e+02   1.0440000e+03  -1.0000000e+00
   1.9231076e+02   1.0040000e+03  -1.0000000e+00
   1.9203150e+02   1.0160000e+03  -1.0000000e+00
   1.9214062e+02   1.0240000e+03  -1.0000000e+00
   1.9187449e+02   9.8800000e+02  -1.0000000e+00
   1.9189712e+02   9.7200000e+02  -1.0000000e+00
   1.9284942e+02   1.0360000e+03  -1.0000000e+00
   1.9285600e+02   1.0000000e+03  -1.0000000e+00
   1.9297748e+02   8.8800000e+02  -1.0000000e+00
   1.9239927e+02   1.0920000e+03  -1.0000000e+00
   1.9156118e+02   9.4800000e+02  -1.0000000e+00
   1.9285547e+02   1.0240000e+03  -1.0000000e+00
   1.9165044e+02   9.0400000e+02  -1.0000000e+00
   1.9281349e+02   1.0080000e+03  -1.0000000e+00
   1.9243379e+02   8.7600000e+02  -1.0000000e+00
   1.9463869e+02   1.0960000e+03  -1.0000000e+00
   1.9269512e+02   9.8400000e+02  -1.0000000e+00
   1.9517919e+02   6.9200000e+02  -1.0000000e+00
   2.0997143e+02   5.6000000e+02  -1.0000000e+00
   1.9643062e+02   8.3600000e+02  -1.0000000e+00
   1.8606358e+02   6.9200000e+02  -1.0000000e+00
   1.9286842e+02   1.0640000e+03  -1.0000000e+00
   2.0142932e+02   7.6400000e+02  -1.0000000e+00
   1.8833544e+02   6.3200000e+02  -1.0000000e+00
   2.0217949e+02   3.1200000e+02  -1.0000000e+00
   1.8887440e+02   8.2800000e+02  -1.0000000e+00
   1.9168015e+02   1.0880000e+03  -1.0000000e+00
   1.9224286e+02   8.4000000e+02  -1.0000000e+00
   1.9346241e+02   1.0640000e+03  -1.0000000e+00
   1.9247266e+02   1.0240000e+03  -1.0000000e+00
   2.0682292e+02   3.8400000e+02  -1.0000000e+00
   1.8755906e+02   1.5240000e+03  -1.0000000e+00
   1.8877407e+02   1.0800000e+03  -1.0000000e+00
   2.0287952e+02   3.3200000e+02  -1.0000000e+00
   1.8832103e+02   1.0840000e+03  -1.0000000e+00
   1.9040635e+02   1.2600000e+03  -1.0000000e+00
   2.0171429e+02   3.6400000e+02  -1.0000000e+00
   1.8785532e+02   9.4000000e+02  -1.0000000e+00
   1.9068015e+02   1.0880000e+03  -1.0000000e+00
   2.0053000e+02   4.0000000e+02  -1.0000000e+00
   1.8760748e+02   8.5600000e+02  -1.0000000e+00
   1.9067315e+02   1.0280000e+03  -1.0000000e+00
   2.0153922e+02   4.0800000e+02  -1.0000000e+00
   1.8878431e+02   8.1600000e+02  -1.0000000e+00
   1.9229688e+02   1.0240000e+03  -1.0000000e+00
   2.0340909e+02   3.5200000e+02  -1.0000000e+00
   1.8929245e+02   8.4800000e+02  -1.0000000e+00
   1.9227451e+02   1.0200000e+03  -1.0000000e+00
   2.0354930e+02   2.8400000e+02  -1.0000000e+00
   1.8958571e+02   8.4000000e+02  -1.0000000e+00
   1.9160905e+02   9.7200000e+02  -1.0000000e+00
   1.9219776e+02   1.0720000e+03  -1.0000000e+00
   1.9166805e+02   9.6400000e+02  -1.0000000e+00
   1.9348507e+02   1.0720000e+03  -1.0000000e+00
   2.0206122e+02   3.9200000e+02  -1.0000000e+00
   1.8919588e+02   7.7600000e+02  -1.0000000e+00
   1.8941309e+02   1.9560000e+03  -1.0000000e+00
   1.8716011e+02   1.4240000e+03  -1.0000000e+00
   1.9116923e+02   7.8000000e+02  -1.0000000e+00
   2.0260209e+02   7.6400000e+02  -1.0000000e+00
   1.8587102e+02   2.2640000e+03  -1.0000000e+00
   1.9524370e+02   4.7600000e+02  -1.0000000e+00
   1.8306272e+02   1.1480000e+03  -1.0000000e+00
   1.9582883e+02   4.4400000e+02  -1.0000000e+00
   1.8297619e+02   1.0080000e+03  -1.0000000e+00
   1.9602804e+02   4.2800000e+02  -1.0000000e+00
   1.8318143e+02   9.4800000e+02  -1.0000000e+00
   1.9686957e+02   4.6000000e+02  -1.0000000e+00
   1.8356223e+02   9.3200000e+02  -1.0000000e+00
   1.9834375e+02   3.8400000e+02  -1.0000000e+00
   1.8408065e+02   9.9200000e+02  -1.0000000e+00
   1.9763478e+02   4.6000000e+02  -1.0000000e+00
   1.8417521e+02   9.3600000e+02  -1.0000000e+00
   2.0164800e+02   5.0000000e+02  -1.0000000e+00
   1.8443816e+02   1.1320000e+03  -1.0000000e+00
   1.9738889e+02   4.3200000e+02  -1.0000000e+00
   1.8372691e+02   9.9600000e+02  -1.0000000e+00
   1.9769524e+02   4.2000000e+02  -1.0000000e+00
   1.8387352e+02   1.0120000e+03  -1.0000000e+00
   1.9845098e+02   4.0800000e+02  -1.0000000e+00
   1.8402372e+02   1.0120000e+03  -1.0000000e+00
   1.9720833e+02   4.8000000e+02  -1.0000000e+00
   1.8342857e+02   9.2400000e+02  -1.0000000e+00
   1.9670635e+02   5.0400000e+02  -1.0000000e+00
   1.8295516e+02   8.9200000e+02  -1.0000000e+00
   1.9837500e+02   4.1600000e+02  -1.0000000e+00
   1.8426613e+02   9.9200000e+02  -1.0000000e+00
   1.9901031e+02   3.8800000e+02  -1.0000000e+00
   1.8421073e+02   1.0440000e+03  -1.0000000e+00
   1.9822222e+02   4.3200000e+02  -1.0000000e+00
   1.8356048e+02   9.9200000e+02  -1.0000000e+00
   1.9759130e+02   4.6000000e+02  -1.0000000e+00
   1.8356432e+02   9.6400000e+02  -1.0000000e+00
   1.9640945e+02   5.0800000e+02  -1.0000000e+00
   1.8284753e+02   8.9200000e+02  -1.0000000e+00
   1.9941176e+02   3.4000000e+02  -1.0000000e+00
   1.8420307e+02   1.0440000e+03  -1.0000000e+00
   1.9641026e+02   4.6800000e+02  -1.0000000e+00
   1.8329464e+02   8.9600000e+02  -1.0000000e+00
   1.9781443e+02   3.8800000e+02  -1.0000000e+00
   1.8332353e+02   9.5200000e+02  -1.0000000e+00
   2.0082609e+02   2.7600000e+02  -1.0000000e+00
   1.8407778e+02   1.0800000e+03  -1.0000000e+00
   1.9921111e+02   3.6000000e+02  -1.0000000e+00
   1.8605202e+02   6.9200000e+02  -1.0000000e+00
   1.9945238e+02   3.3600000e+02  -1.0000000e+00
   1.8608092e+02   6.9200000e+02  -1.0000000e+00
   1.9421290e+02   6.2000000e+02  -1.0000000e+00
   2.0642568e+02   5.9200000e+02  -1.0000000e+00
   1.8820558e+02   1.5760000e+03  -1.0000000e+00
   1.9905000e+02   4.0000000e+02  -1.0000000e+00
   1.8559375e+02   7.6800000e+02  -1.0000000e+00
   1.8980309e+02   1.0360000e+03  -1.0000000e+00
   1.8989062e+02   1.0240000e+03  -1.0000000e+00
   1.9021654e+02   1.0160000e+03  -1.0000000e+00
   1.8902479e+02   9.6800000e+02  -1.0000000e+00
   1.8866245e+02   9.4800000e+02  -1.0000000e+00
   1.9013546e+02   1.0040000e+03  -1.0000000e+00
   1.8884454e+02   9.5200000e+02  -1.0000000e+00
   1.8876327e+02   9.8000000e+02  -1.0000000e+00
   1.8859592e+02   9.8000000e+02  -1.0000000e+00
   1.8903629e+02   9.9200000e+02  -1.0000000e+00
   1.8969960e+02   1.0120000e+03  -1.0000000e+00
   1.8892975e+02   9.6800000e+02  -1.0000000e+00
   1.8853112e+02   9.6400000e+02  -1.0000000e+00
   1.8857261e+02   9.6400000e+02  -1.0000000e+00
   1.9062547e+02   1.0680000e+03  -1.0000000e+00
   1.8920085e+02   9.3600000e+02  -1.0000000e+00
   1.8896996e+02   9.3200000e+02  -1.0000000e+00
   1.8991701e+02   9.6400000e+02  -1.0000000e+00
   1.8872174e+02   9.2000000e+02  -1.0000000e+00
   1.8900435e+02   9.2000000e+02  -1.0000000e+00
   1.8906009e+02   9.3200000e+02  -1.0000000e+00
   1.8902119e+02   9.4400000e+02  -1.0000000e+00
   1.8932489e+02   9.4800000e+02  -1.0000000e+00
   1.8925957e+02   9.4000000e+02  -1.0000000e+00
   1.8905462e+02   9.5200000e+02  -1.0000000e+00
   1.9106746e+02   1.0080000e+03  -1.0000000e+00
   1.9058367e+02   9.8000000e+02  -1.0000000e+00
   1.8936017e+02   9.4400000e+02  -1.0000000e+00
   1.9013992e+02   9.7200000e+02  -1.0000000e+00
   1.8897835e+02   9.2400000e+02  -1.0000000e+00
   1.9394771e+02   6.1200000e+02  -1.0000000e+00
   2.0748485e+02   5.2800000e+02  -1.0000000e+00
   1.8886616e+02   1.5840000e+03  -1.0000000e+00
   1.9661979e+02   7.6800000e+02  -1.0000000e+00
   1.8255405e+02   8.8800000e+02  -1.0000000e+00
   1.9708140e+02   3.4400000e+02  -1.0000000e+00
   1.8320444e+02   9.0000000e+02  -1.0000000e+00
   1.9694845e+02   3.8800000e+02  -1.0000000e+00
   1.8348357e+02   8.5200000e+02  -1.0000000e+00
   1.9719626e+02   4.2800000e+02  -1.0000000e+00
   1.8381776e+02   8.5600000e+02  -1.0000000e+00
   1.9753684e+02   3.8000000e+02  -1.0000000e+00
   1.8386937e+02   8.8800000e+02  -1.0000000e+00
   1.9794000e+02   4.0000000e+02  -1.0000000e+00
   1.8386957e+02   9.2000000e+02  -1.0000000e+00
   1.9699160e+02   4.7600000e+02  -1.0000000e+00
   1.8342661e+02   8.7200000e+02  -1.0000000e+00
   1.9686207e+02   4.6400000e+02  -1.0000000e+00
   1.8347727e+02   8.8000000e+02  -1.0000000e+00
   1.9838298e+02   3.7600000e+02  -1.0000000e+00
   1.8406911e+02   9.8400000e+02  -1.0000000e+00
   1.9672727e+02   4.8400000e+02  -1.0000000e+00
   1.8336111e+02   8.6400000e+02  -1.0000000e+00
   1.9678761e+02   4.5200000e+02  -1.0000000e+00
   1.8320642e+02   8.7200000e+02  -1.0000000e+00
   1.9842553e+02   3.7600000e+02  -1.0000000e+00
   1.8311927e+02   8.7200000e+02  -1.0000000e+00
   2.0047500e+02   3.2000000e+02  -1.0000000e+00
   1.8494378e+02   9.9600000e+02  -1.0000000e+00
   1.9737500e+02   4.8000000e+02  -1.0000000e+00
   1.8355981e+02   8.3600000e+02  -1.0000000e+00
   1.8703503e+02   1.2560000e+03  -1.0000000e+00
   1.9736036e+02   4.4400000e+02  -1.0000000e+00
   1.8331905e+02   8.4000000e+02  -1.0000000e+00
   1.9993333e+02   3.0000000e+02  -1.0000000e+00
   1.8440426e+02   9.4000000e+02  -1.0000000e+00
   2.0102564e+02   3.1200000e+02  -1.0000000e+00
   1.8642703e+02   7.4000000e+02  -1.0000000e+00
   2.0113725e+02   6.1200000e+02  -1.0000000e+00
   1.8753425e+02   5.8400000e+02  -1.0000000e+00
   2.0173874e+02   4.4400000e+02  -1.0000000e+00
   1.8749550e+02   8.8800000e+02  -1.0000000e+00
   2.0686928e+02   6.1200000e+02  -1.0000000e+00
   1.8626161e+02   1.6360000e+03  -1.0000000e+00
   1.8700631e+02   1.2680000e+03  -1.0000000e+00
   1.8838095e+02   1.1760000e+03  -1.0000000e+00
   2.0034737e+02   3.8000000e+02  -1.0000000e+00
   1.8470667e+02   9.0000000e+02  -1.0000000e+00
   2.0069027e+02   4.5200000e+02  -1.0000000e+00
   1.8556296e+02   1.0800000e+03  -1.0000000e+00
   2.0140000e+02   2.2000000e+02  -1.0000000e+00
   2.0851899e+02   6.3200000e+02  -1.0000000e+00
   1.9525581e+02   8.6000000e+02  -1.0000000e+00
   1.8538957e+02   1.3040000e+03  -1.0000000e+00
   2.0007547e+02   4.2400000e+02  -1.0000000e+00
   1.8715953e+02   1.0280000e+03  -1.0000000e+00
   1.9918627e+02   4.0800000e+02  -1.0000000e+00
   1.8642793e+02   8.8800000e+02  -1.0000000e+00
   1.9984874e+02   4.7600000e+02  -1.0000000e+00
   1.8638057e+02   9.8800000e+02  -1.0000000e+00
   1.8887500e+02   1.1520000e+03  -1.0000000e+00
   2.0160417e+02   3.8400000e+02  -1.0000000e+00
   1.8685600e+02   1.0000000e+03  -1.0000000e+00
   1.8903673e+02   9.8000000e+02  -1.0000000e+00
   1.9883529e+02   1.0200000e+03  -1.0000000e+00
   1.8599355e+02   6.2000000e+02  -1.0000000e+00
   2.0291026e+02   3.1200000e+02  -1.0000000e+00
   1.8774704e+02   1.0120000e+03  -1.0000000e+00
   1.8964851e+02   8.0800000e+02  -1.0000000e+00
   2.0277320e+02   3.8800000e+02  -1.0000000e+00
   1.8803004e+02   9.3200000e+02  -1.0000000e+00
   1.8878155e+02   8.2400000e+02  -1.0000000e+00
   2.0832394e+02   2.8400000e+02  -1.0000000e+00
   1.8939662e+02   9.4800000e+02  -1.0000000e+00
   1.9986916e+02   4.2800000e+02  -1.0000000e+00
   1.8720603e+02   7.9600000e+02  -1.0000000e+00
   1.9061994e+02   1.2840000e+03  -1.0000000e+00
   2.0179167e+02   4.8000000e+02  -1.0000000e+00
   1.8863177e+02   1.1080000e+03  -1.0000000e+00
   2.0547475e+02   3.9600000e+02  -1.0000000e+00
   1.8754656e+02   9.8800000e+02  -1.0000000e+00
   2.0009195e+02   3.4800000e+02  -1.0000000e+00
   1.8747603e+02   1.1680000e+03  -1.0000000e+00
   2.0238608e+02   6.3200000e+02  -1.0000000e+00
   1.8734431e+02   1.3360000e+03  -1.0000000e+00
   1.9006780e+02   1.1800000e+03  -1.0000000e+00
   2.0200820e+02   4.8800000e+02  -1.0000000e+00
   1.8723684e+02   1.2160000e+03  -1.0000000e+00
   1.8963103e+02   1.1600000e+03  -1.0000000e+00
   2.0026471e+02   4.0800000e+02  -1.0000000e+00
   1.8712667e+02   1.2000000e+03  -1.0000000e+00
   1.8959480e+02   1.0760000e+03  -1.0000000e+00
   2.0032000e+02   6.0000000e+02  -1.0000000e+00
   1.8605882e+02   8.8400000e+02  -1.0000000e+00
   1.9531933e+02   4.7600000e+02  -1.0000000e+00
   2.0681250e+02   6.4000000e+02  -1.0000000e+00
   1.8886709e+02   1.8960000e+03  -1.0000000e+00
   2.0266279e+02   3.4400000e+02  -1.0000000e+00
   1.8792565e+02   1.0760000e+03  -1.0000000e+00
   2.0240566e+02   4.2400000e+02  -1.0000000e+00
   1.8830272e+02   1.1760000e+03  -1.0000000e+00
   2.0205085e+02   4.7200000e+02  -1.0000000e+00
   1.8748621e+02   1.1600000e+03  -1.0000000e+00
   2.0261682e+02   4.2800000e+02  -1.0000000e+00
   1.8761356e+02   1.1800000e+03  -1.0000000e+00
   2.0090265e+02   4.5200000e+02  -1.0000000e+00
   1.8650198e+02   1.0120000e+03  -1.0000000e+00
   1.9326217e+02   1.0680000e+03  -1.0000000e+00
   2.0271818e+02   4.4000000e+02  -1.0000000e+00
   1.9005789e+02   7.6000000e+02  -1.0000000e+00
   1.9515209e+02   1.0520000e+03  -1.0000000e+00
   1.9533766e+02   9.2400000e+02  -1.0000000e+00
   1.9507426e+02   8.0800000e+02  -1.0000000e+00
   1.9559701e+02   8.0400000e+02  -1.0000000e+00
   1.9543523e+02   7.7200000e+02  -1.0000000e+00
   1.9548421e+02   7.6000000e+02  -1.0000000e+00
   1.9531073e+02   7.0800000e+02  -1.0000000e+00
   1.9490698e+02   6.8800000e+02  -1.0000000e+00
   1.9536416e+02   6.9200000e+02  -1.0000000e+00
   1.9556725e+02   6.8400000e+02  -1.0000000e+00
   1.9530952e+02   6.7200000e+02  -1.0000000e+00
   1.9554438e+02   6.7600000e+02  -1.0000000e+00
   1.9535329e+02   6.6800000e+02  -1.0000000e+00
   1.9419018e+02   6.5200000e+02  -1.0000000e+00
   1.9575758e+02   6.6000000e+02  -1.0000000e+00
   1.9527778e+02   6.4800000e+02  -1.0000000e+00
   1.9416883e+02   6.1600000e+02  -1.0000000e+00
   1.9562500e+02   6.4000000e+02  -1.0000000e+00
   1.9637725e+02   6.6800000e+02  -1.0000000e+00
   1.9617683e+02   6.5600000e+02  -1.0000000e+00
   1.9622561e+02   6.5600000e+02  -1.0000000e+00
   1.9636585e+02   6.5600000e+02  -1.0000000e+00
   1.9642353e+02   6.8000000e+02  -1.0000000e+00
   1.9628571e+02   6.7200000e+02  -1.0000000e+00
   1.9625150e+02   6.6800000e+02  -1.0000000e+00
   1.9644550e+02   8.4400000e+02  -1.0000000e+00
   1.9280184e+02   8.6800000e+02  -1.0000000e+00
   2.0167442e+02   6.8800000e+02  -1.0000000e+00
   1.8914844e+02   5.1200000e+02  -1.0000000e+00
   1.9596739e+02   1.1040000e+03  -1.0000000e+00
   2.0383529e+02   3.4000000e+02  -1.0000000e+00
   1.9354197e+02   1.6680000e+03  -1.0000000e+00
   1.9438321e+02   1.0960000e+03  -1.0000000e+00
   1.9450000e+02   8.7200000e+02  -1.0000000e+00
   1.9445226e+02   7.9600000e+02  -1.0000000e+00
   1.9367488e+02   8.1200000e+02  -1.0000000e+00
   1.9507009e+02   8.5600000e+02  -1.0000000e+00
   1.9488318e+02   8.5600000e+02  -1.0000000e+00
   1.9476887e+02   8.4800000e+02  -1.0000000e+00
   1.9517742e+02   7.4400000e+02  -1.0000000e+00
   1.9518447e+02   8.2400000e+02  -1.0000000e+00
   1.9510101e+02   7.9200000e+02  -1.0000000e+00
   1.9458101e+02   7.1600000e+02  -1.0000000e+00
   1.9510714e+02   7.8400000e+02  -1.0000000e+00
   1.9479429e+02   7.0000000e+02  -1.0000000e+00
   1.9548756e+02   8.0400000e+02  -1.0000000e+00
   1.9512500e+02   7.6800000e+02  -1.0000000e+00
   1.9521390e+02   7.4800000e+02  -1.0000000e+00
   1.9509836e+02   7.3200000e+02  -1.0000000e+00
   1.9485027e+02   7.4800000e+02  -1.0000000e+00
   1.9488235e+02   6.8000000e+02  -1.0000000e+00
   1.9548947e+02   7.6000000e+02  -1.0000000e+00
   1.9459763e+02   6.7600000e+02  -1.0000000e+00
   1.9602116e+02   7.5600000e+02  -1.0000000e+00
   1.9620476e+02   8.4000000e+02  -1.0000000e+00
   1.9749541e+02   8.7200000e+02  -1.0000000e+00
   1.9524590e+02   7.3200000e+02  -1.0000000e+00
   1.9528804e+02   7.3600000e+02  -1.0000000e+00
   1.9532787e+02   7.3200000e+02  -1.0000000e+00
   1.9521858e+02   7.3200000e+02  -1.0000000e+00
   1.9498889e+02   7.2000000e+02  -1.0000000e+00
   1.9494972e+02   7.1600000e+02  -1.0000000e+00
   1.9366867e+02   6.6400000e+02  -1.0000000e+00
   1.9383784e+02   7.4000000e+02  -1.0000000e+00
   1.9482759e+02   6.9600000e+02  -1.0000000e+00
   1.9457203e+02   9.4400000e+02  -1.0000000e+00
   1.9822635e+02   1.1840000e+03  -1.0000000e+00
   1.9469907e+02   8.6400000e+02  -1.0000000e+00
   1.9390526e+02   7.6000000e+02  -1.0000000e+00
   1.9437234e+02   7.5200000e+02  -1.0000000e+00
   1.9449468e+02   7.5200000e+02  -1.0000000e+00
   1.9451596e+02   7.5200000e+02  -1.0000000e+00
   1.9460526e+02   7.6000000e+02  -1.0000000e+00
   1.9461458e+02   7.6800000e+02  -1.0000000e+00
   2.0340984e+02   2.4400000e+02  -1.0000000e+00
   1.9249878e+02   1.6440000e+03  -1.0000000e+00
   1.9310811e+02   1.0360000e+03  -1.0000000e+00
   1.9195175e+02   9.1200000e+02  -1.0000000e+00
   1.9341176e+02   9.5200000e+02  -1.0000000e+00
   1.9222624e+02   8.8400000e+02  -1.0000000e+00
   1.9324809e+02   1.0480000e+03  -1.0000000e+00
   1.9258411e+02   8.5600000e+02  -1.0000000e+00
   1.9383105e+02   8.7600000e+02  -1.0000000e+00
   1.9374429e+02   8.7600000e+02  -1.0000000e+00
   1.9341589e+02   8.5600000e+02  -1.0000000e+00
   1.9365877e+02   8.4400000e+02  -1.0000000e+00
   1.9362802e+02   8.2800000e+02  -1.0000000e+00
   1.9380392e+02   8.1600000e+02  -1.0000000e+00
   1.9364824e+02   7.9600000e+02  -1.0000000e+00
   1.9366327e+02   7.8400000e+02  -1.0000000e+00
   2.0575556e+02   3.6000000e+02  -1.0000000e+00
   1.9077215e+02   6.3200000e+02  -1.0000000e+00
   1.9239153e+02   7.5600000e+02  -1.0000000e+00
   1.9447248e+02   8.7200000e+02  -1.0000000e+00
   1.9390722e+02   7.7600000e+02  -1.0000000e+00
   1.9137912e+02   7.2800000e+02  -1.0000000e+00
   1.9366667e+02   8.6400000e+02  -1.0000000e+00
   1.9441277e+02   9.4000000e+02  -1.0000000e+00
   1.9408057e+02   8.4400000e+02  -1.0000000e+00
   1.9453879e+02   9.2800000e+02  -1.0000000e+00
   1.9406635e+02   8.4400000e+02  -1.0000000e+00
   1.9477731e+02   9.5200000e+02  -1.0000000e+00
   1.9188129e+02   1.1120000e+03  -1.0000000e+00
   1.9451948e+02   1.2320000e+03  -1.0000000e+00
   1.9322593e+02   1.0800000e+03  -1.0000000e+00
   1.9324275e+02   1.1040000e+03  -1.0000000e+00
   2.0913333e+02   2.4000000e+02  -1.0000000e+00
   1.9106550e+02   9.1600000e+02  -1.0000000e+00
   1.9337786e+02   1.0480000e+03  -1.0000000e+00
   1.9286364e+02   1.0560000e+03  -1.0000000e+00
   1.9307937e+02   1.0080000e+03  -1.0000000e+00
   1.9313061e+02   9.8000000e+02  -1.0000000e+00
   1.9559770e+02   6.9600000e+02  -1.0000000e+00
   1.9212304e+02   1.5280000e+03  -1.0000000e+00
   1.9245890e+02   1.1680000e+03  -1.0000000e+00
   1.9307692e+02   1.0920000e+03  -1.0000000e+00
   1.9255422e+02   9.9600000e+02  -1.0000000e+00
   1.9162762e+02   9.5600000e+02  -1.0000000e+00
   1.9285714e+02   1.0080000e+03  -1.0000000e+00
   1.9395686e+02   1.0200000e+03  -1.0000000e+00
   1.9369925e+02   1.0640000e+03  -1.0000000e+00
   1.9242975e+02   9.6800000e+02  -1.0000000e+00
   2.0178899e+02   4.3600000e+02  -1.0000000e+00
   1.8957979e+02   7.5200000e+02  -1.0000000e+00
   1.9313978e+02   1.1160000e+03  -1.0000000e+00
   1.9188889e+02   1.0440000e+03  -1.0000000e+00
   1.9330634e+02   1.1360000e+03  -1.0000000e+00
   2.0356000e+02   4.0000000e+02  -1.0000000e+00
   1.9077249e+02   7.5600000e+02  -1.0000000e+00
   1.9379048e+02   8.4000000e+02  -1.0000000e+00
   1.9369307e+02   8.0800000e+02  -1.0000000e+00
   1.9390674e+02   7.7200000e+02  -1.0000000e+00
   1.9382979e+02   7.5200000e+02  -1.0000000e+00
   1.9427322e+02   7.3200000e+02  -1.0000000e+00
   1.9396591e+02   7.0400000e+02  -1.0000000e+00
   1.9396491e+02   6.8400000e+02  -1.0000000e+00
   1.9444512e+02   6.5600000e+02  -1.0000000e+00
   1.9404294e+02   6.5200000e+02  -1.0000000e+00
   1.9364596e+02   6.4400000e+02  -1.0000000e+00
   1.9351572e+02   6.3600000e+02  -1.0000000e+00
   1.9390446e+02   6.2800000e+02  -1.0000000e+00
   1.9404487e+02   6.2400000e+02  -1.0000000e+00
   1.9231875e+02   6.4000000e+02  -1.0000000e+00
   1.9413497e+02   6.5200000e+02  -1.0000000e+00
   1.9413043e+02   6.4400000e+02  -1.0000000e+00
   1.9417576e+02   6.6000000e+02  -1.0000000e+00
   1.9432143e+02   6.7200000e+02  -1.0000000e+00
   2.0606494e+02   3.0800000e+02  -1.0000000e+00
   1.9698773e+02   1.3040000e+03  -1.0000000e+00
   1.8354600e+02   2.0000000e+03  -1.0000000e+00
   1.9490551e+02   5.0800000e+02  -1.0000000e+00
   1.8295224e+02   1.3400000e+03  -1.0000000e+00
   1.9290452e+02   7.9600000e+02  -1.0000000e+00
   2.0392176e+02   1.6360000e+03  -1.0000000e+00
   1.8807606e+02   1.7880000e+03  -1.0000000e+00
   1.9966327e+02   3.9200000e+02  -1.0000000e+00
   1.8580719e+02   1.2240000e+03  -1.0000000e+00
   1.9898148e+02   4.3200000e+02  -1.0000000e+00
   1.8599593e+02   9.8400000e+02  -1.0000000e+00
   2.0827536e+02   2.7600000e+02  -1.0000000e+00
   1.8834862e+02   1.7440000e+03  -1.0000000e+00
   1.9084191e+02   1.0880000e+03  -1.0000000e+00
   2.0034965e+02   5.7200000e+02  -1.0000000e+00
   1.8753247e+02   9.2400000e+02  -1.0000000e+00
   1.8899533e+02   8.5600000e+02  -1.0000000e+00
   2.0198039e+02   4.0800000e+02  -1.0000000e+00
   1.8792192e+02   1.3320000e+03  -1.0000000e+00
   1.9944211e+02   3.8000000e+02  -1.0000000e+00
   1.8602632e+02   9.1200000e+02  -1.0000000e+00
   1.9983529e+02   3.4000000e+02  -1.0000000e+00
   1.8609633e+02   8.7200000e+02  -1.0000000e+00
   1.8999054e+02   1.2680000e+03  -1.0000000e+00
   1.9958036e+02   4.4800000e+02  -1.0000000e+00
   1.8579812e+02   8.5200000e+02  -1.0000000e+00
   2.0868750e+02   1.2800000e+02  -1.0000000e+00
   1.8791882e+02   1.0840000e+03  -1.0000000e+00
   2.0662687e+02   2.6800000e+02  -1.0000000e+00
   1.8773276e+02   9.2800000e+02  -1.0000000e+00
   2.0900000e+02   1.3200000e+02  -1.0000000e+00
   1.8863374e+02   9.7200000e+02  -1.0000000e+00
   2.0392453e+02   2.1200000e+02  -1.0000000e+00
   1.8770183e+02   8.7200000e+02  -1.0000000e+00
   2.0957576e+02   1.3200000e+02  -1.0000000e+00
   1.8861728e+02   9.7200000e+02  -1.0000000e+00
   2.0092405e+02   3.1600000e+02  -1.0000000e+00
   1.8652020e+02   7.9200000e+02  -1.0000000e+00
   2.0431148e+02   2.4400000e+02  -1.0000000e+00
   1.8810667e+02   1.2000000e+03  -1.0000000e+00
   2.0966923e+02   5.2000000e+02  -1.0000000e+00
   1.9703620e+02   8.8400000e+02  -1.0000000e+00
   1.8667857e+02   1.0080000e+03  -1.0000000e+00
   1.9992195e+02   8.2000000e+02  -1.0000000e+00
   1.8830726e+02   7.1600000e+02  -1.0000000e+00
   2.0430392e+02   4.0800000e+02  -1.0000000e+00
   1.8918855e+02   1.1880000e+03  -1.0000000e+00
   2.0088350e+02   4.1200000e+02  -1.0000000e+00
   1.8851709e+02   9.3600000e+02  -1.0000000e+00
   2.0180000e+02   4.0000000e+02  -1.0000000e+00
   1.8835366e+02   9.8400000e+02  -1.0000000e+00
   1.9112346e+02   1.2960000e+03  -1.0000000e+00
   2.0104950e+02   4.0400000e+02  -1.0000000e+00
   1.8809607e+02   9.1600000e+02  -1.0000000e+00
   1.9808856e+02   1.0840000e+03  -1.0000000e+00
   1.8568750e+02   6.4000000e+02  -1.0000000e+00
   1.8982517e+02   1.1440000e+03  -1.0000000e+00
   1.9922609e+02   4.6000000e+02  -1.0000000e+00
   1.8635233e+02   7.7200000e+02  -1.0000000e+00
   1.9975532e+02   3.7600000e+02  -1.0000000e+00
   1.8670707e+02   7.9200000e+02  -1.0000000e+00
   1.9033916e+02   1.1440000e+03  -1.0000000e+00
   2.0032323e+02   3.9600000e+02  -1.0000000e+00
   1.8722388e+02   8.0400000e+02  -1.0000000e+00
   1.9924272e+02   4.1200000e+02  -1.0000000e+00
